-5.000000 -3.000000 2.050672
-4.795918 -3.000000 1.891010
-4.591837 -3.000000 1.772295
-4.387755 -3.000000 1.694370
-4.183673 -3.000000 1.655389
-3.979592 -3.000000 1.651888
-3.775510 -3.000000 1.678928
-3.571429 -3.000000 1.730306
-3.367347 -3.000000 1.798807
-3.163265 -3.000000 1.876505
-2.959184 -3.000000 1.955094
-2.755102 -3.000000 2.026229
-2.551020 -3.000000 2.081876
-2.346939 -3.000000 2.114643
-2.142857 -3.000000 2.118087
-1.938776 -3.000000 2.086984
-1.734694 -3.000000 2.017542
-1.530612 -3.000000 1.907561
-1.326531 -3.000000 1.756523
-1.122449 -3.000000 1.565616
-0.918367 -3.000000 1.337680
-0.714286 -3.000000 1.077094
-0.510204 -3.000000 0.789591
-0.306122 -3.000000 0.482021
-0.102041 -3.000000 0.162069
0.102041 -3.000000 -0.162069
0.306122 -3.000000 -0.482021
0.510204 -3.000000 -0.789591
0.714286 -3.000000 -1.077094
0.918367 -3.000000 -1.337680
1.122449 -3.000000 -1.565616
1.326531 -3.000000 -1.756523
1.530612 -3.000000 -1.907561
1.734694 -3.000000 -2.017542
1.938776 -3.000000 -2.086984
2.142857 -3.000000 -2.118087
2.346939 -3.000000 -2.114643
2.551020 -3.000000 -2.081876
2.755102 -3.000000 -2.026229
2.959184 -3.000000 -1.955094
3.163265 -3.000000 -1.876505
3.367347 -3.000000 -1.798807
3.571429 -3.000000 -1.730306
3.775510 -3.000000 -1.678928
3.979592 -3.000000 -1.651888
4.183673 -3.000000 -1.655389
4.387755 -3.000000 -1.694370
4.591837 -3.000000 -1.772295
4.795918 -3.000000 -1.891010
5.000000 -3.000000 -2.050672

-5.000000 -2.793103 1.891820
-4.795918 -2.793103 1.742487
-4.591837 -2.793103 1.632027
-4.387755 -2.793103 1.560294
-4.183673 -2.793103 1.525533
-3.979592 -2.793103 1.524457
-3.775510 -2.793103 1.552376
-3.571429 -2.793103 1.603402
-3.367347 -2.793103 1.670683
-3.163265 -2.793103 1.746697
-2.959184 -2.793103 1.823556
-2.755102 -2.793103 1.893339
-2.551020 -2.793103 1.948418
-2.346939 -2.793103 1.981774
-2.142857 -2.793103 1.987291
-1.938776 -2.793103 1.960010
-1.734694 -2.793103 1.896330
-1.530612 -2.793103 1.794163
-1.326531 -2.793103 1.653017
-1.122449 -2.793103 1.474019
-0.918367 -2.793103 1.259866
-0.714286 -2.793103 1.014716
-0.510204 -2.793103 0.744011
-0.306122 -2.793103 0.454255
-0.102041 -2.793103 0.152743
0.102041 -2.793103 -0.152743
0.306122 -2.793103 -0.454255
0.510204 -2.793103 -0.744011
0.714286 -2.793103 -1.014716
0.918367 -2.793103 -1.259866
1.122449 -2.793103 -1.474019
1.326531 -2.793103 -1.653017
1.530612 -2.793103 -1.794163
1.734694 -2.793103 -1.896330
1.938776 -2.793103 -1.960010
2.142857 -2.793103 -1.987291
2.346939 -2.793103 -1.981774
2.551020 -2.793103 -1.948418
2.755102 -2.793103 -1.893339
2.959184 -2.793103 -1.823556
3.163265 -2.793103 -1.746697
3.367347 -2.793103 -1.670683
3.571429 -2.793103 -1.603402
3.775510 -2.793103 -1.552376
3.979592 -2.793103 -1.524457
4.183673 -2.793103 -1.525533
4.387755 -2.793103 -1.560294
4.591837 -2.793103 -1.632027
4.795918 -2.793103 -1.742487
5.000000 -2.793103 -1.891820

-5.000000 -2.586207 1.771412
-4.795918 -2.586207 1.633913
-4.591837 -2.586207 1.531558
-4.387755 -2.586207 1.464213
-4.183673 -2.586207 1.430293
-3.979592 -2.586207 1.426824
-3.775510 -2.586207 1.449570
-3.571429 -2.586207 1.493203
-3.367347 -2.586207 1.551534
-3.163265 -2.586207 1.617758
-2.959184 -2.586207 1.684747
-2.755102 -2.586207 1.745338
-2.551020 -2.586207 1.792636
-2.346939 -2.586207 1.820296
-2.142857 -2.586207 1.822789
-1.938776 -2.586207 1.795630
-1.734694 -2.586207 1.735566
-1.530612 -2.586207 1.640707
-1.326531 -2.586207 1.510611
-1.122449 -2.586207 1.346294
-0.918367 -2.586207 1.150197
-0.714286 -2.586207 0.926076
-0.510204 -2.586207 0.678853
-0.306122 -2.586207 0.414407
-0.102041 -2.586207 0.139333
0.102041 -2.586207 -0.139333
0.306122 -2.586207 -0.414407
0.510204 -2.586207 -0.678853
0.714286 -2.586207 -0.926076
0.918367 -2.586207 -1.150197
1.122449 -2.586207 -1.346294
1.326531 -2.586207 -1.510611
1.530612 -2.586207 -1.640707
1.734694 -2.586207 -1.735566
1.938776 -2.586207 -1.795630
2.142857 -2.586207 -1.822789
2.346939 -2.586207 -1.820296
2.551020 -2.586207 -1.792636
2.755102 -2.586207 -1.745338
2.959184 -2.586207 -1.684747
3.163265 -2.586207 -1.617758
3.367347 -2.586207 -1.551534
3.571429 -2.586207 -1.493203
3.775510 -2.586207 -1.449570
3.979592 -2.586207 -1.426824
4.183673 -2.586207 -1.430293
4.387755 -2.586207 -1.464213
4.591837 -2.586207 -1.531558
4.795918 -2.586207 -1.633913
5.000000 -2.586207 -1.771412

-5.000000 -2.379310 1.685757
-4.795918 -2.379310 1.561456
-4.591837 -2.379310 1.467068
-4.387755 -2.379310 1.402482
-4.183673 -2.379310 1.366347
-3.979592 -2.379310 1.356132
-3.775510 -2.379310 1.368230
-3.571429 -2.379310 1.398109
-3.367347 -2.379310 1.440497
-3.163265 -2.379310 1.489604
-2.959184 -2.379310 1.539362
-2.755102 -2.379310 1.583675
-2.551020 -2.379310 1.616672
-2.346939 -2.379310 1.632954
-2.142857 -2.379310 1.627814
-1.938776 -2.379310 1.597434
-1.734694 -2.379310 1.539044
-1.530612 -2.379310 1.451038
-1.326531 -2.379310 1.333037
-1.122449 -2.379310 1.185909
-0.918367 -2.379310 1.011728
-0.714286 -2.379310 0.813694
-0.510204 -2.379310 0.595996
-0.306122 -2.379310 0.363637
-0.102041 -2.379310 0.122232
0.102041 -2.379310 -0.122232
0.306122 -2.379310 -0.363637
0.510204 -2.379310 -0.595996
0.714286 -2.379310 -0.813694
0.918367 -2.379310 -1.011728
1.122449 -2.379310 -1.185909
1.326531 -2.379310 -1.333037
1.530612 -2.379310 -1.451038
1.734694 -2.379310 -1.539044
1.938776 -2.379310 -1.597434
2.142857 -2.379310 -1.627814
2.346939 -2.379310 -1.632954
2.551020 -2.379310 -1.616672
2.755102 -2.379310 -1.583675
2.959184 -2.379310 -1.539362
3.163265 -2.379310 -1.489604
3.367347 -2.379310 -1.440497
3.571429 -2.379310 -1.398109
3.775510 -2.379310 -1.368230
3.979592 -2.379310 -1.356132
4.183673 -2.379310 -1.366347
4.387755 -2.379310 -1.402482
4.591837 -2.379310 -1.467068
4.795918 -2.379310 -1.561456
5.000000 -2.379310 -1.685757

-5.000000 -2.172414 1.629685
-4.795918 -2.172414 1.519740
-4.591837 -2.172414 1.433205
-4.387755 -2.172414 1.369990
-4.183673 -2.172414 1.329038
-3.979592 -2.172414 1.308370
-3.775510 -2.172414 1.305163
-3.571429 -2.172414 1.315869
-3.367347 -2.172414 1.336365
-3.163265 -2.172414 1.362119
-2.959184 -2.172414 1.388382
-2.755102 -2.172414 1.410384
-2.551020 -2.172414 1.423531
-2.346939 -2.172414 1.423597
-2.142857 -2.172414 1.406900
-1.938776 -2.172414 1.370453
-1.734694 -2.172414 1.312087
-1.530612 -2.172414 1.230544
-1.326531 -2.172414 1.125530
-1.122449 -2.172414 0.997723
-0.918367 -2.172414 0.848746
-0.714286 -2.172414 0.681104
-0.510204 -2.172414 0.498073
-0.306122 -2.172414 0.303570
-0.102041 -2.172414 0.101988
0.102041 -2.172414 -0.101988
0.306122 -2.172414 -0.303570
0.510204 -2.172414 -0.498073
0.714286 -2.172414 -0.681104
0.918367 -2.172414 -0.848746
1.122449 -2.172414 -0.997723
1.326531 -2.172414 -1.125530
1.530612 -2.172414 -1.230544
1.734694 -2.172414 -1.312087
1.938776 -2.172414 -1.370453
2.142857 -2.172414 -1.406900
2.346939 -2.172414 -1.423597
2.551020 -2.172414 -1.423531
2.755102 -2.172414 -1.410384
2.959184 -2.172414 -1.388382
3.163265 -2.172414 -1.362119
3.367347 -2.172414 -1.336365
3.571429 -2.172414 -1.315869
3.775510 -2.172414 -1.305163
3.979592 -2.172414 -1.308370
4.183673 -2.172414 -1.329038
4.387755 -2.172414 -1.369990
4.591837 -2.172414 -1.433205
4.795918 -2.172414 -1.519740
5.000000 -2.172414 -1.629685

-5.000000 -1.965517 1.596762
-4.795918 -1.965517 1.502082
-4.591837 -1.965517 1.423307
-4.387755 -1.965517 1.360377
-4.183673 -1.965517 1.312574
-3.979592 -1.965517 1.278552
-3.775510 -1.965517 1.256395
-3.571429 -1.965517 1.243690
-3.367347 -1.965517 1.237637
-3.163265 -1.965517 1.235157
-2.959184 -1.965517 1.233022
-2.755102 -1.965517 1.227993
-2.551020 -1.965517 1.216947
-2.346939 -1.965517 1.197013
-2.142857 -1.965517 1.165690
-1.938776 -1.965517 1.120947
-1.734694 -1.965517 1.061311
-1.530612 -1.965517 0.985929
-1.326531 -1.965517 0.894599
-1.122449 -1.965517 0.787782
-0.918367 -1.965517 0.666582
-0.714286 -1.965517 0.532699
-0.510204 -1.965517 0.388360
-0.306122 -1.965517 0.236227
-0.102041 -1.965517 0.079284
0.102041 -1.965517 -0.079284
0.306122 -1.965517 -0.236227
0.510204 -1.965517 -0.388360
0.714286 -1.965517 -0.532699
0.918367 -1.965517 -0.666582
1.122449 -1.965517 -0.787782
1.326531 -1.965517 -0.894599
1.530612 -1.965517 -0.985929
1.734694 -1.965517 -1.061311
1.938776 -1.965517 -1.120947
2.142857 -1.965517 -1.165690
2.346939 -1.965517 -1.197013
2.551020 -1.965517 -1.216947
2.755102 -1.965517 -1.227993
2.959184 -1.965517 -1.233022
3.163265 -1.965517 -1.235157
3.367347 -1.965517 -1.237637
3.571429 -1.965517 -1.243690
3.775510 -1.965517 -1.256395
3.979592 -1.965517 -1.278552
4.183673 -1.965517 -1.312574
4.387755 -1.965517 -1.360377
4.591837 -1.965517 -1.423307
4.795918 -1.965517 -1.502082
5.000000 -1.965517 -1.596762

-5.000000 -1.758621 1.579568
-4.795918 -1.758621 1.500769
-4.591837 -1.758621 1.429693
-4.387755 -1.758621 1.366310
-4.183673 -1.758621 1.310273
-3.979592 -1.758621 1.260927
-3.775510 -1.758621 1.217342
-3.571429 -1.758621 1.178347
-3.367347 -1.758621 1.142581
-3.163265 -1.758621 1.108550
-2.959184 -1.758621 1.074688
-2.755102 -1.758621 1.039419
-2.551020 -1.758621 1.001229
-2.346939 -1.758621 0.958724
-2.142857 -1.758621 0.910688
-1.938776 -1.758621 0.856136
-1.734694 -1.758621 0.794353
-1.530612 -1.758621 0.724925
-1.326531 -1.758621 0.647752
-1.122449 -1.758621 0.563060
-0.918367 -1.758621 0.471383
-0.714286 -1.758621 0.373549
-0.510204 -1.758621 0.270638
-0.306122 -1.758621 0.163942
-0.102041 -1.758621 0.054910
0.102041 -1.758621 -0.054910
0.306122 -1.758621 -0.163942
0.510204 -1.758621 -0.270638
0.714286 -1.758621 -0.373549
0.918367 -1.758621 -0.471383
1.122449 -1.758621 -0.563060
1.326531 -1.758621 -0.647752
1.530612 -1.758621 -0.724925
1.734694 -1.758621 -0.794353
1.938776 -1.758621 -0.856136
2.142857 -1.758621 -0.910688
2.346939 -1.758621 -0.958724
2.551020 -1.758621 -1.001229
2.755102 -1.758621 -1.039419
2.959184 -1.758621 -1.074688
3.163265 -1.758621 -1.108550
3.367347 -1.758621 -1.142581
3.571429 -1.758621 -1.178347
3.775510 -1.758621 -1.217342
3.979592 -1.758621 -1.260927
4.183673 -1.758621 -1.310273
4.387755 -1.758621 -1.366310
4.591837 -1.758621 -1.429693
4.795918 -1.758621 -1.500769
5.000000 -1.758621 -1.579568

-5.000000 -1.551724 1.570012
-4.795918 -1.551724 1.507393
-4.591837 -1.551724 1.443985
-4.387755 -1.551724 1.379792
-4.183673 -1.551724 1.314848
-3.979592 -1.551724 1.249221
-3.775510 -1.551724 1.183006
-3.571429 -1.551724 1.116322
-3.367347 -1.551724 1.049308
-3.163265 -1.551724 0.982116
-2.959184 -1.551724 0.914908
-2.755102 -1.551724 0.847843
-2.551020 -1.551724 0.781077
-2.346939 -1.551724 0.714751
-2.142857 -1.551724 0.648990
-1.938776 -1.551724 0.583895
-1.734694 -1.551724 0.519538
-1.530612 -1.551724 0.455962
-1.326531 -1.551724 0.393177
-1.122449 -1.551724 0.331160
-0.918367 -1.551724 0.269856
-0.714286 -1.551724 0.209182
-0.510204 -1.551724 0.149026
-0.306122 -1.551724 0.089256
-0.102041 -1.551724 0.029725
0.102041 -1.551724 -0.029725
0.306122 -1.551724 -0.089256
0.510204 -1.551724 -0.149026
0.714286 -1.551724 -0.209182
0.918367 -1.551724 -0.269856
1.122449 -1.551724 -0.331160
1.326531 -1.551724 -0.393177
1.530612 -1.551724 -0.455962
1.734694 -1.551724 -0.519538
1.938776 -1.551724 -0.583895
2.142857 -1.551724 -0.648990
2.346939 -1.551724 -0.714751
2.551020 -1.551724 -0.781077
2.755102 -1.551724 -0.847843
2.959184 -1.551724 -0.914908
3.163265 -1.551724 -0.982116
3.367347 -1.551724 -1.049308
3.571429 -1.551724 -1.116322
3.775510 -1.551724 -1.183006
3.979592 -1.551724 -1.249221
4.183673 -1.551724 -1.314848
4.387755 -1.551724 -1.379792
4.591837 -1.551724 -1.443985
4.795918 -1.551724 -1.507393
5.000000 -1.551724 -1.570012

-5.000000 -1.344828 1.559675
-4.795918 -1.344828 1.513206
-4.591837 -1.344828 1.457470
-4.387755 -1.344828 1.392503
-4.183673 -1.344828 1.318722
-3.979592 -1.344828 1.236911
-3.775510 -1.344828 1.148188
-3.571429 -1.344828 1.053958
-3.367347 -1.344828 0.955852
-3.163265 -1.344828 0.855665
-2.959184 -1.344828 0.755276
-2.755102 -1.344828 0.656574
-2.551020 -1.344828 0.561377
-2.346939 -1.344828 0.471358
-2.142857 -1.344828 0.387976
-1.938776 -1.344828 0.312412
-1.734694 -1.344828 0.245525
-1.530612 -1.344828 0.187812
-1.326531 -1.344828 0.139391
-1.122449 -1.344828 0.099994
-0.918367 -1.344828 0.068976
-0.714286 -1.344828 0.045348
-0.510204 -1.344828 0.027811
-0.306122 -1.344828 0.014816
-0.102041 -1.344828 0.004623
0.102041 -1.344828 -0.004623
0.306122 -1.344828 -0.014816
0.510204 -1.344828 -0.027811
0.714286 -1.344828 -0.045348
0.918367 -1.344828 -0.068976
1.122449 -1.344828 -0.099994
1.326531 -1.344828 -0.139391
1.530612 -1.344828 -0.187812
1.734694 -1.344828 -0.245525
1.938776 -1.344828 -0.312412
2.142857 -1.344828 -0.387976
2.346939 -1.344828 -0.471358
2.551020 -1.344828 -0.561377
2.755102 -1.344828 -0.656574
2.959184 -1.344828 -0.755276
3.163265 -1.344828 -0.855665
3.367347 -1.344828 -0.955852
3.571429 -1.344828 -1.053958
3.775510 -1.344828 -1.148188
3.979592 -1.344828 -1.236911
4.183673 -1.344828 -1.318722
4.387755 -1.344828 -1.392503
4.591837 -1.344828 -1.457470
4.795918 -1.344828 -1.513206
5.000000 -1.344828 -1.559675

-5.000000 -1.137931 1.540174
-4.795918 -1.137931 1.509496
-4.591837 -1.137931 1.461468
-4.387755 -1.137931 1.396156
-4.183673 -1.137931 1.314343
-3.979592 -1.137931 1.217497
-3.775510 -1.137931 1.107711
-3.571429 -1.137931 0.987612
-3.367347 -1.137931 0.860257
-3.163265 -1.137931 0.729006
-2.959184 -1.137931 0.597377
-2.755102 -1.137931 0.468907
-2.551020 -1.137931 0.346999
-2.346939 -1.137931 0.234786
-2.142857 -1.137931 0.134997
-1.938776 -1.137931 0.049846
-1.734694 -1.137931 -0.019060
-1.530612 -1.137931 -0.070789
-1.326531 -1.137931 -0.105121
-1.122449 -1.137931 -0.122561
-0.918367 -1.137931 -0.124311
-0.714286 -1.137931 -0.112226
-0.510204 -1.137931 -0.088737
-0.306122 -1.137931 -0.056745
-0.102041 -1.137931 -0.019506
0.102041 -1.137931 0.019506
0.306122 -1.137931 0.056745
0.510204 -1.137931 0.088737
0.714286 -1.137931 0.112226
0.918367 -1.137931 0.124311
1.122449 -1.137931 0.122561
1.326531 -1.137931 0.105121
1.530612 -1.137931 0.070789
1.734694 -1.137931 0.019060
1.938776 -1.137931 -0.049846
2.142857 -1.137931 -0.134997
2.346939 -1.137931 -0.234786
2.551020 -1.137931 -0.346999
2.755102 -1.137931 -0.468907
2.959184 -1.137931 -0.597377
3.163265 -1.137931 -0.729006
3.367347 -1.137931 -0.860257
3.571429 -1.137931 -0.987612
3.775510 -1.137931 -1.107711
3.979592 -1.137931 -1.217497
4.183673 -1.137931 -1.314343
4.387755 -1.137931 -1.396156
4.591837 -1.137931 -1.461468
4.795918 -1.137931 -1.509496
5.000000 -1.137931 -1.540174

-5.000000 -0.931034 1.503516
-4.795918 -0.931034 1.487956
-4.591837 -0.931034 1.447703
-4.387755 -0.931034 1.382852
-4.183673 -0.931034 1.294516
-3.979592 -0.931034 1.184784
-3.775510 -0.931034 1.056635
-3.571429 -0.931034 0.913809
-3.367347 -0.931034 0.760658
-3.163265 -0.931034 0.601959
-2.959184 -0.931034 0.442724
-2.755102 -0.931034 0.287984
-2.551020 -0.931034 0.142584
-2.346939 -0.931034 0.010981
-2.142857 -0.931034 -0.102939
-1.938776 -0.931034 -0.196025
-1.734694 -0.931034 -0.265992
-1.530612 -0.931034 -0.311512
-1.326531 -0.931034 -0.332273
-1.122449 -0.931034 -0.328992
-0.918367 -0.931034 -0.303380
-0.714286 -0.931034 -0.258079
-0.510204 -0.931034 -0.196547
-0.306122 -0.931034 -0.122913
-0.102041 -0.931034 -0.041812
0.102041 -0.931034 0.041812
0.306122 -0.931034 0.122913
0.510204 -0.931034 0.196547
0.714286 -0.931034 0.258079
0.918367 -0.931034 0.303380
1.122449 -0.931034 0.328992
1.326531 -0.931034 0.332273
1.530612 -0.931034 0.311512
1.734694 -0.931034 0.265992
1.938776 -0.931034 0.196025
2.142857 -0.931034 0.102939
2.346939 -0.931034 -0.010981
2.551020 -0.931034 -0.142584
2.755102 -0.931034 -0.287984
2.959184 -0.931034 -0.442724
3.163265 -0.931034 -0.601959
3.367347 -0.931034 -0.760658
3.571429 -0.931034 -0.913809
3.775510 -0.931034 -1.056635
3.979592 -0.931034 -1.184784
4.183673 -0.931034 -1.294516
4.387755 -0.931034 -1.382852
4.591837 -0.931034 -1.447703
4.795918 -0.931034 -1.487956
5.000000 -0.931034 -1.503516

-5.000000 -0.724138 1.442440
-4.795918 -0.724138 1.441040
-4.591837 -0.724138 1.408659
-4.387755 -0.724138 1.345413
-4.183673 -0.724138 1.252701
-3.979592 -0.724138 1.133144
-3.775510 -0.724138 0.990477
-3.571429 -0.724138 0.829395
-3.367347 -0.724138 0.655358
-3.163265 -0.724138 0.474361
-2.959184 -0.724138 0.292691
-2.755102 -0.724138 0.116660
-2.551020 -0.724138 -0.047652
-2.346939 -0.724138 -0.194651
-2.142857 -0.724138 -0.319464
-1.938776 -0.724138 -0.418137
-1.734694 -0.724138 -0.487801
-1.530612 -0.724138 -0.526791
-1.326531 -0.724138 -0.534717
-1.122449 -0.724138 -0.512475
-0.918367 -0.724138 -0.462215
-0.714286 -0.724138 -0.387251
-0.510204 -0.724138 -0.291921
-0.306122 -0.724138 -0.181408
-0.102041 -0.724138 -0.061525
0.102041 -0.724138 0.061525
0.306122 -0.724138 0.181408
0.510204 -0.724138 0.291921
0.714286 -0.724138 0.387251
0.918367 -0.724138 0.462215
1.122449 -0.724138 0.512475
1.326531 -0.724138 0.534717
1.530612 -0.724138 0.526791
1.734694 -0.724138 0.487801
1.938776 -0.724138 0.418137
2.142857 -0.724138 0.319464
2.346939 -0.724138 0.194651
2.551020 -0.724138 0.047652
2.755102 -0.724138 -0.116660
2.959184 -0.724138 -0.292691
3.163265 -0.724138 -0.474361
3.367347 -0.724138 -0.655358
3.571429 -0.724138 -0.829395
3.775510 -0.724138 -0.990477
3.979592 -0.724138 -1.133144
4.183673 -0.724138 -1.252701
4.387755 -0.724138 -1.345413
4.591837 -0.724138 -1.408659
4.795918 -0.724138 -1.441040
5.000000 -0.724138 -1.442440

-5.000000 -0.517241 1.350725
-4.795918 -0.517241 1.362286
-4.591837 -0.517241 1.337896
-4.387755 -0.517241 1.277693
-4.183673 -0.517241 1.183298
-3.979592 -0.517241 1.057754
-3.775510 -0.517241 0.905394
-3.571429 -0.517241 0.731667
-3.367347 -0.517241 0.542906
-3.163265 -0.517241 0.346070
-2.959184 -0.517241 0.148453
-2.755102 -0.517241 -0.042621
-2.551020 -0.517241 -0.220096
-2.346939 -0.517241 -0.377483
-2.142857 -0.517241 -0.509126
-1.938776 -0.517241 -0.610437
-1.734694 -0.517241 -0.678087
-1.530612 -0.517241 -0.710146
-1.326531 -0.517241 -0.706158
-1.122449 -0.517241 -0.667165
-0.918367 -0.517241 -0.595662
-0.714286 -0.517241 -0.495493
-0.510204 -0.517241 -0.371692
-0.306122 -0.517241 -0.230273
-0.102041 -0.517241 -0.077983
0.102041 -0.517241 0.077983
0.306122 -0.517241 0.230273
0.510204 -0.517241 0.371692
0.714286 -0.517241 0.495493
0.918367 -0.517241 0.595662
1.122449 -0.517241 0.667165
1.326531 -0.517241 0.706158
1.530612 -0.517241 0.710146
1.734694 -0.517241 0.678087
1.938776 -0.517241 0.610437
2.142857 -0.517241 0.509126
2.346939 -0.517241 0.377483
2.551020 -0.517241 0.220096
2.755102 -0.517241 0.042621
2.959184 -0.517241 -0.148453
3.163265 -0.517241 -0.346070
3.367347 -0.517241 -0.542906
3.571429 -0.517241 -0.731667
3.775510 -0.517241 -0.905394
3.979592 -0.517241 -1.057754
4.183673 -0.517241 -1.183298
4.387755 -0.517241 -1.277693
4.591837 -0.517241 -1.337896
4.795918 -0.517241 -1.362286
5.000000 -0.517241 -1.350725

-5.000000 -0.310345 1.223460
-4.795918 -0.310345 1.246586
-4.591837 -0.310345 1.230328
-4.387755 -0.310345 1.174835
-4.183673 -0.310345 1.081883
-3.979592 -0.310345 0.954806
-3.775510 -0.310345 0.798352
-3.571429 -0.310345 0.618489
-3.367347 -0.310345 0.422156
-3.163265 -0.310345 0.216976
-2.959184 -0.310345 0.010940
-2.755102 -0.310345 -0.187927
-2.551020 -0.310345 -0.371896
-2.346939 -0.310345 -0.533858
-2.142857 -0.310345 -0.667616
-1.938776 -0.310345 -0.768145
-1.734694 -0.310345 -0.831797
-1.530612 -0.310345 -0.856456
-1.326531 -0.310345 -0.841625
-1.122449 -0.310345 -0.788445
-0.918367 -0.310345 -0.699649
-0.714286 -0.310345 -0.579449
-0.510204 -0.310345 -0.433358
-0.306122 -0.310345 -0.267966
-0.102041 -0.310345 -0.090664
0.102041 -0.310345 0.090664
0.306122 -0.310345 0.267966
0.510204 -0.310345 0.433358
0.714286 -0.310345 0.579449
0.918367 -0.310345 0.699649
1.122449 -0.310345 0.788445
1.326531 -0.310345 0.841625
1.530612 -0.310345 0.856456
1.734694 -0.310345 0.831797
1.938776 -0.310345 0.768145
2.142857 -0.310345 0.667616
2.346939 -0.310345 0.533858
2.551020 -0.310345 0.371896
2.755102 -0.310345 0.187927
2.959184 -0.310345 -0.010940
3.163265 -0.310345 -0.216976
3.367347 -0.310345 -0.422156
3.571429 -0.310345 -0.618489
3.775510 -0.310345 -0.798352
3.979592 -0.310345 -0.954806
4.183673 -0.310345 -1.081883
4.387755 -0.310345 -1.174835
4.591837 -0.310345 -1.230328
4.795918 -0.310345 -1.246586
5.000000 -0.310345 -1.223460

-5.000000 -0.103448 1.057246
-4.795918 -0.103448 1.090412
-4.591837 -0.103448 1.082439
-4.387755 -0.103448 1.033482
-4.183673 -0.103448 0.945398
-3.979592 -0.103448 0.821669
-3.775510 -0.103448 0.667253
-3.571429 -0.103448 0.488385
-3.367347 -0.103448 0.292314
-3.163265 -0.103448 0.087002
-2.959184 -0.103448 -0.119205
-2.755102 -0.103448 -0.317923
-2.551020 -0.103448 -0.501080
-2.346939 -0.103448 -0.661249
-2.142857 -0.103448 -0.791957
-1.938776 -0.103448 -0.887955
-1.734694 -0.103448 -0.945434
-1.530612 -0.103448 -0.962183
-1.326531 -0.103448 -0.937682
-1.122449 -0.103448 -0.873124
-0.918367 -0.103448 -0.771363
-0.714286 -0.103448 -0.636798
-0.510204 -0.103448 -0.475189
-0.306122 -0.103448 -0.293419
-0.102041 -0.103448 -0.099208
0.102041 -0.103448 0.099208
0.306122 -0.103448 0.293419
0.510204 -0.103448 0.475189
0.714286 -0.103448 0.636798
0.918367 -0.103448 0.771363
1.122449 -0.103448 0.873124
1.326531 -0.103448 0.937682
1.530612 -0.103448 0.962183
1.734694 -0.103448 0.945434
1.938776 -0.103448 0.887955
2.142857 -0.103448 0.791957
2.346939 -0.103448 0.661249
2.551020 -0.103448 0.501080
2.755102 -0.103448 0.317923
2.959184 -0.103448 0.119205
3.163265 -0.103448 -0.087002
3.367347 -0.103448 -0.292314
3.571429 -0.103448 -0.488385
3.775510 -0.103448 -0.667253
3.979592 -0.103448 -0.821669
4.183673 -0.103448 -0.945398
4.387755 -0.103448 -1.033482
4.591837 -0.103448 -1.082439
4.795918 -0.103448 -1.090412
5.000000 -0.103448 -1.057246

-5.000000 0.103448 0.850350
-4.795918 0.103448 0.891960
-4.591837 0.103448 0.892432
-4.387755 0.103448 0.851920
-4.183673 0.103448 0.772281
-3.979592 0.103448 0.656996
-3.775510 0.103448 0.511025
-3.571429 0.103448 0.340602
-3.367347 0.103448 0.152976
-3.163265 0.103448 -0.043892
-2.959184 0.103448 -0.241654
-2.755102 0.103448 -0.431927
-2.551020 0.103448 -0.606639
-2.346939 0.103448 -0.758364
-2.142857 0.103448 -0.880627
-1.938776 0.103448 -0.968181
-1.734694 0.103448 -1.017215
-1.530612 0.103448 -1.025519
-1.326531 0.103448 -0.992573
-1.122449 0.103448 -0.919570
-0.918367 0.103448 -0.809364
-0.714286 0.103448 -0.666354
-0.510204 0.103448 -0.496301
-0.306122 0.103448 -0.306086
-0.102041 0.103448 -0.103430
0.102041 0.103448 0.103430
0.306122 0.103448 0.306086
0.510204 0.103448 0.496301
0.714286 0.103448 0.666354
0.918367 0.103448 0.809364
1.122449 0.103448 0.919570
1.326531 0.103448 0.992573
1.530612 0.103448 1.025519
1.734694 0.103448 1.017215
1.938776 0.103448 0.968181
2.142857 0.103448 0.880627
2.346939 0.103448 0.758364
2.551020 0.103448 0.606639
2.755102 0.103448 0.431927
2.959184 0.103448 0.241654
3.163265 0.103448 0.043892
3.367347 0.103448 -0.152976
3.571429 0.103448 -0.340602
3.775510 0.103448 -0.511025
3.979592 0.103448 -0.656996
4.183673 0.103448 -0.772281
4.387755 0.103448 -0.851920
4.591837 0.103448 -0.892432
4.795918 0.103448 -0.891960
5.000000 0.103448 -0.850350

-5.000000 0.310345 0.602770
-4.795918 0.310345 0.651231
-4.591837 0.310345 0.660307
-4.387755 0.310345 0.630148
-4.183673 0.310345 0.562531
-3.979592 0.310345 0.460788
-3.775510 0.310345 0.329668
-3.571429 0.310345 0.175139
-3.367347 0.310345 0.004141
-3.163265 0.310345 -0.175705
-2.959184 0.310345 -0.356407
-2.755102 0.310345 -0.529939
-2.551020 0.310345 -0.688575
-2.346939 0.310345 -0.825202
-2.142857 0.310345 -0.933626
-1.938776 0.310345 -1.008820
-1.734694 0.310345 -1.047138
-1.530612 0.310345 -1.046463
-1.326531 0.310345 -1.006298
-1.122449 0.310345 -0.927784
-0.918367 0.310345 -0.813654
-0.714286 0.310345 -0.668119
-0.510204 0.310345 -0.496694
-0.306122 0.310345 -0.305968
-0.102041 0.310345 -0.103331
0.102041 0.310345 0.103331
0.306122 0.310345 0.305968
0.510204 0.310345 0.496694
0.714286 0.310345 0.668119
0.918367 0.310345 0.813654
1.122449 0.310345 0.927784
1.326531 0.310345 1.006298
1.530612 0.310345 1.046463
1.734694 0.310345 1.047138
1.938776 0.310345 1.008820
2.142857 0.310345 0.933626
2.346939 0.310345 0.825202
2.551020 0.310345 0.688575
2.755102 0.310345 0.529939
2.959184 0.310345 0.356407
3.163265 0.310345 0.175705
3.367347 0.310345 -0.004141
3.571429 0.310345 -0.175139
3.775510 0.310345 -0.329668
3.979592 0.310345 -0.460788
4.183673 0.310345 -0.562531
4.387755 0.310345 -0.630148
4.591837 0.310345 -0.660307
4.795918 0.310345 -0.651231
5.000000 0.310345 -0.602770

-5.000000 0.517241 0.316243
-4.795918 0.517241 0.370027
-4.591837 0.517241 0.387861
-4.387755 0.517241 0.369881
-4.183673 0.517241 0.317710
-3.979592 0.517241 0.234390
-3.775510 0.517241 0.124254
-3.571429 0.517241 -0.007249
-3.367347 0.517241 -0.153786
-3.163265 0.517241 -0.308398
-2.959184 0.517241 -0.463792
-2.755102 0.517241 -0.612642
-2.551020 0.517241 -0.747893
-2.346939 0.517241 -0.863057
-2.142857 0.517241 -0.952476
-1.938776 0.517241 -1.011563
-1.734694 0.517241 -1.036990
-1.530612 0.517241 -1.026824
-1.326531 0.517241 -0.980612
-1.122449 0.517241 -0.899396
-0.918367 0.517241 -0.785669
-0.714286 0.517241 -0.643277
-0.510204 0.517241 -0.477252
-0.306122 0.517241 -0.293609
-0.102041 0.517241 -0.099095
0.102041 0.517241 0.099095
0.306122 0.517241 0.293609
0.510204 0.517241 0.477252
0.714286 0.517241 0.643277
0.918367 0.517241 0.785669
1.122449 0.517241 0.899396
1.326531 0.517241 0.980612
1.530612 0.517241 1.026824
1.734694 0.517241 1.036990
1.938776 0.517241 1.011563
2.142857 0.517241 0.952476
2.346939 0.517241 0.863057
2.551020 0.517241 0.747893
2.755102 0.517241 0.612642
2.959184 0.517241 0.463792
3.163265 0.517241 0.308398
3.367347 0.517241 0.153786
3.571429 0.517241 0.007249
3.775510 0.517241 -0.124254
3.979592 0.517241 -0.234390
4.183673 0.517241 -0.317710
4.387755 0.517241 -0.369881
4.591837 0.517241 -0.387861
4.795918 0.517241 -0.370027
5.000000 0.517241 -0.316243

-5.000000 0.724138 -0.005836
-4.795918 0.724138 0.051878
-4.591837 0.724138 0.078610
-4.387755 0.724138 0.074477
-4.183673 0.724138 0.040878
-3.979592 0.724138 -0.019566
-3.775510 0.724138 -0.103119
-3.571429 0.724138 -0.205087
-3.367347 0.724138 -0.320012
-3.163265 0.724138 -0.441895
-2.959184 0.724138 -0.564452
-2.755102 0.724138 -0.681370
-2.551020 0.724138 -0.786568
-2.346939 0.724138 -0.874454
-2.142857 0.724138 -0.940154
-1.938776 0.724138 -0.979713
-1.734694 0.724138 -0.990264
-1.530612 0.724138 -0.970141
-1.326531 0.724138 -0.918953
-1.122449 0.724138 -0.837598
-0.918367 0.724138 -0.728225
-0.714286 0.724138 -0.594148
-0.510204 0.724138 -0.439704
-0.306122 0.724138 -0.270078
-0.102041 0.724138 -0.091082
0.102041 0.724138 0.091082
0.306122 0.724138 0.270078
0.510204 0.724138 0.439704
0.714286 0.724138 0.594148
0.918367 0.724138 0.728225
1.122449 0.724138 0.837598
1.326531 0.724138 0.918953
1.530612 0.724138 0.970141
1.734694 0.724138 0.990264
1.938776 0.724138 0.979713
2.142857 0.724138 0.940154
2.346939 0.724138 0.874454
2.551020 0.724138 0.786568
2.755102 0.724138 0.681370
2.959184 0.724138 0.564452
3.163265 0.724138 0.441895
3.367347 0.724138 0.320012
3.571429 0.724138 0.205087
3.775510 0.724138 0.103119
3.979592 0.724138 0.019566
4.183673 0.724138 -0.040878
4.387755 0.724138 -0.074477
4.591837 0.724138 -0.078610
4.795918 0.724138 -0.051878
5.000000 0.724138 0.005836

-5.000000 0.931034 -0.358552
-4.795918 0.931034 -0.298110
-4.591837 0.931034 -0.262360
-4.387755 0.931034 -0.251209
-4.183673 0.931034 -0.263542
-3.979592 0.931034 -0.297270
-3.775510 0.931034 -0.349417
-3.571429 0.931034 -0.416240
-3.367347 0.931034 -0.493389
-3.163265 0.931034 -0.576084
-2.959184 0.931034 -0.659316
-2.755102 0.931034 -0.738054
-2.551020 0.931034 -0.807451
-2.346939 0.931034 -0.863051
-2.142857 0.931034 -0.900968
-1.938776 0.931034 -0.918052
-1.734694 0.931034 -0.912016
-1.530612 0.931034 -0.881533
-1.326531 0.931034 -0.826292
-1.122449 0.931034 -0.747007
-0.918367 0.931034 -0.645393
-0.714286 0.931034 -0.524089
-0.510204 0.931034 -0.386554
-0.306122 0.931034 -0.236918
-0.102041 0.931034 -0.079814
0.102041 0.931034 0.079814
0.306122 0.931034 0.236918
0.510204 0.931034 0.386554
0.714286 0.931034 0.524089
0.918367 0.931034 0.645393
1.122449 0.931034 0.747007
1.326531 0.931034 0.826292
1.530612 0.931034 0.881533
1.734694 0.931034 0.912016
1.938776 0.931034 0.918052
2.142857 0.931034 0.900968
2.346939 0.931034 0.863051
2.551020 0.931034 0.807451
2.755102 0.931034 0.738054
2.959184 0.931034 0.659316
3.163265 0.931034 0.576084
3.367347 0.931034 0.493389
3.571429 0.931034 0.416240
3.775510 0.931034 0.349417
3.979592 0.931034 0.297270
4.183673 0.931034 0.263542
4.387755 0.931034 0.251209
4.591837 0.931034 0.262360
4.795918 0.931034 0.298110
5.000000 0.931034 0.358552

-5.000000 1.137931 -0.735688
-4.795918 1.137931 -0.673474
-4.591837 1.137931 -0.628610
-4.387755 1.137931 -0.601029
-4.183673 1.137931 -0.589950
-3.979592 1.137931 -0.593903
-3.775510 1.137931 -0.610797
-3.571429 1.137931 -0.638004
-3.367347 1.137931 -0.672466
-3.163265 1.137931 -0.710825
-2.959184 1.137931 -0.749562
-2.755102 1.137931 -0.785140
-2.551020 1.137931 -0.814155
-2.346939 1.137931 -0.833476
-2.142857 1.137931 -0.840373
-1.938776 1.137931 -0.832631
-1.734694 1.137931 -0.808645
-1.530612 1.137931 -0.767481
-1.326531 1.137931 -0.708922
-1.122449 1.137931 -0.633469
-0.918367 1.137931 -0.542326
-0.714286 1.137931 -0.437349
-0.510204 1.137931 -0.320968
-0.306122 1.137931 -0.196083
-0.102041 1.137931 -0.065952
0.102041 1.137931 0.065952
0.306122 1.137931 0.196083
0.510204 1.137931 0.320968
0.714286 1.137931 0.437349
0.918367 1.137931 0.542326
1.122449 1.137931 0.633469
1.326531 1.137931 0.708922
1.530612 1.137931 0.767481
1.734694 1.137931 0.808645
1.938776 1.137931 0.832631
2.142857 1.137931 0.840373
2.346939 1.137931 0.833476
2.551020 1.137931 0.814155
2.755102 1.137931 0.785140
2.959184 1.137931 0.749562
3.163265 1.137931 0.710825
3.367347 1.137931 0.672466
3.571429 1.137931 0.638004
3.775510 1.137931 0.610797
3.979592 1.137931 0.593903
4.183673 1.137931 0.589950
4.387755 1.137931 0.601029
4.591837 1.137931 0.628610
4.795918 1.137931 0.673474
5.000000 1.137931 0.735688

-5.000000 1.344828 -1.129980
-4.795918 1.344828 -1.066667
-4.591837 1.344828 -1.012621
-4.387755 1.344828 -0.967807
-4.183673 1.344828 -0.931806
-3.979592 1.344828 -0.903835
-3.775510 1.344828 -0.882776
-3.571429 1.344828 -0.867224
-3.367347 1.344828 -0.855548
-3.163265 1.344828 -0.845954
-2.959184 1.344828 -0.836561
-2.755102 1.344828 -0.825481
-2.551020 1.344828 -0.810896
-2.346939 1.344828 -0.791133
-2.142857 1.344828 -0.764734
-1.938776 1.344828 -0.730516
-1.734694 1.344828 -0.687621
-1.530612 1.344828 -0.635552
-1.326531 1.344828 -0.574191
-1.122449 1.344828 -0.503807
-0.918367 1.344828 -0.425042
-0.714286 1.344828 -0.338889
-0.510204 1.344828 -0.246644
-0.306122 1.344828 -0.149857
-0.102041 1.344828 -0.050268
0.102041 1.344828 0.050268
0.306122 1.344828 0.149857
0.510204 1.344828 0.246644
0.714286 1.344828 0.338889
0.918367 1.344828 0.425042
1.122449 1.344828 0.503807
1.326531 1.344828 0.574191
1.530612 1.344828 0.635552
1.734694 1.344828 0.687621
1.938776 1.344828 0.730516
2.142857 1.344828 0.764734
2.346939 1.344828 0.791133
2.551020 1.344828 0.810896
2.755102 1.344828 0.825481
2.959184 1.344828 0.836561
3.163265 1.344828 0.845954
3.367347 1.344828 0.855548
3.571429 1.344828 0.867224
3.775510 1.344828 0.882776
3.979592 1.344828 0.903835
4.183673 1.344828 0.931806
4.387755 1.344828 0.967807
4.591837 1.344828 1.012621
4.795918 1.344828 1.066667
5.000000 1.344828 1.129980

-5.000000 1.551724 -1.533436
-4.795918 1.551724 -1.469384
-4.591837 1.551724 -1.406120
-4.387755 1.551724 -1.343642
-4.183673 1.551724 -1.281914
-3.979592 1.551724 -1.220870
-3.775510 1.551724 -1.160414
-3.571429 1.551724 -1.100427
-3.367347 1.551724 -1.040770
-3.163265 1.551724 -0.981290
-2.959184 1.551724 -0.921827
-2.755102 1.551724 -0.862220
-2.551020 1.551724 -0.802315
-2.346939 1.551724 -0.741970
-2.142857 1.551724 -0.681059
-1.938776 1.551724 -0.619483
-1.734694 1.551724 -0.557169
-1.530612 1.551724 -0.494073
-1.326531 1.551724 -0.430187
-1.122449 1.551724 -0.365532
-0.918367 1.551724 -0.300165
-0.714286 1.551724 -0.234168
-0.510204 1.551724 -0.167653
-0.306122 1.551724 -0.100751
-0.102041 1.551724 -0.033610
0.102041 1.551724 0.033610
0.306122 1.551724 0.100751
0.510204 1.551724 0.167653
0.714286 1.551724 0.234168
0.918367 1.551724 0.300165
1.122449 1.551724 0.365532
1.326531 1.551724 0.430187
1.530612 1.551724 0.494073
1.734694 1.551724 0.557169
1.938776 1.551724 0.619483
2.142857 1.551724 0.681059
2.346939 1.551724 0.741970
2.551020 1.551724 0.802315
2.755102 1.551724 0.862220
2.959184 1.551724 0.921827
3.163265 1.551724 0.981290
3.367347 1.551724 1.040770
3.571429 1.551724 1.100427
3.775510 1.551724 1.160414
3.979592 1.551724 1.220870
4.183673 1.551724 1.281914
4.387755 1.551724 1.343642
4.591837 1.551724 1.406120
4.795918 1.551724 1.469384
5.000000 1.551724 1.533436

-5.000000 1.758621 -1.937673
-4.795918 1.758621 -1.872911
-4.591837 1.758621 -1.800427
-4.387755 1.758621 -1.720248
-4.183673 1.758621 -1.632725
-3.979592 1.758621 -1.538510
-3.775510 1.758621 -1.438535
-3.571429 1.758621 -1.333969
-3.367347 1.758621 -1.226173
-3.163265 1.758621 -1.116643
-2.959184 1.758621 -1.006945
-2.755102 1.758621 -0.898653
-2.551020 1.758621 -0.793282
-2.346939 1.758621 -0.692226
-2.142857 1.758621 -0.596701
-1.938776 1.758621 -0.507692
-1.734694 1.758621 -0.425914
-1.530612 1.758621 -0.351782
-1.326531 1.758621 -0.285394
-1.122449 1.758621 -0.226525
-0.918367 1.758621 -0.174641
-0.714286 1.758621 -0.128914
-0.510204 1.758621 -0.088264
-0.306122 1.758621 -0.051399
-0.102041 1.758621 -0.016870
0.102041 1.758621 0.016870
0.306122 1.758621 0.051399
0.510204 1.758621 0.088264
0.714286 1.758621 0.128914
0.918367 1.758621 0.174641
1.122449 1.758621 0.226525
1.326531 1.758621 0.285394
1.530612 1.758621 0.351782
1.734694 1.758621 0.425914
1.938776 1.758621 0.507692
2.142857 1.758621 0.596701
2.346939 1.758621 0.692226
2.551020 1.758621 0.793282
2.755102 1.758621 0.898653
2.959184 1.758621 1.006945
3.163265 1.758621 1.116643
3.367347 1.758621 1.226173
3.571429 1.758621 1.333969
3.775510 1.758621 1.438535
3.979592 1.758621 1.538510
4.183673 1.758621 1.632725
4.387755 1.758621 1.720248
4.591837 1.758621 1.800427
4.795918 1.758621 1.872911
5.000000 1.758621 1.937673

-5.000000 1.965517 -2.334272
-4.795918 1.965517 -2.268502
-4.591837 1.965517 -2.186827
-4.387755 1.965517 -2.089306
-4.183673 1.965517 -1.976659
-3.979592 1.965517 -1.850230
-3.775510 1.965517 -1.711938
-3.571429 1.965517 -1.564191
-3.367347 1.965517 -1.409794
-3.163265 1.965517 -1.251824
-2.959184 1.965517 -1.093508
-2.755102 1.965517 -0.938088
-2.551020 1.965517 -0.788683
-2.346939 1.965517 -0.648166
-2.142857 1.965517 -0.519039
-1.938776 1.965517 -0.403332
-1.734694 1.965517 -0.302517
-1.530612 1.965517 -0.217449
-1.326531 1.965517 -0.148328
-1.122449 1.965517 -0.094695
-0.918367 1.965517 -0.055445
-0.714286 1.965517 -0.028878
-0.510204 1.965517 -0.012766
-0.306122 1.965517 -0.004448
-0.102041 1.965517 -0.000941
0.102041 1.965517 0.000941
0.306122 1.965517 0.004448
0.510204 1.965517 0.012766
0.714286 1.965517 0.028878
0.918367 1.965517 0.055445
1.122449 1.965517 0.094695
1.326531 1.965517 0.148328
1.530612 1.965517 0.217449
1.734694 1.965517 0.302517
1.938776 1.965517 0.403332
2.142857 1.965517 0.519039
2.346939 1.965517 0.648166
2.551020 1.965517 0.788683
2.755102 1.965517 0.938088
2.959184 1.965517 1.093508
3.163265 1.965517 1.251824
3.367347 1.965517 1.409794
3.571429 1.965517 1.564191
3.775510 1.965517 1.711938
3.979592 1.965517 1.850230
4.183673 1.965517 1.976659
4.387755 1.965517 2.089306
4.591837 1.965517 2.186827
4.795918 1.965517 2.268502
5.000000 1.965517 2.334272

-5.000000 2.172414 -2.715143
-4.795918 2.172414 -2.647747
-4.591837 2.172414 -2.556943
-4.387755 2.172414 -2.442818
-4.183673 2.172414 -2.306430
-3.979592 2.172414 -2.149758
-3.775510 2.172414 -1.975625
-3.571429 2.172414 -1.787579
-3.367347 2.172414 -1.589743
-3.163265 2.172414 -1.386649
-2.959184 2.172414 -1.183047
-2.755102 2.172414 -0.983705
-2.551020 2.172414 -0.793218
-2.346939 2.172414 -0.615811
-2.142857 2.172414 -0.455169
-1.938776 2.172414 -0.314276
-1.734694 2.172414 -0.195303
-1.530612 2.172414 -0.099505
-1.326531 2.172414 -0.027179
-1.122449 2.172414 0.022353
-0.918367 2.172414 0.050717
-0.714286 2.172414 0.060414
-0.510204 2.172414 0.054723
-0.306122 2.172414 0.037560
-0.102041 2.172414 0.013318
0.102041 2.172414 -0.013318
0.306122 2.172414 -0.037560
0.510204 2.172414 -0.054723
0.714286 2.172414 -0.060414
0.918367 2.172414 -0.050717
1.122449 2.172414 -0.022353
1.326531 2.172414 0.027179
1.530612 2.172414 0.099505
1.734694 2.172414 0.195303
1.938776 2.172414 0.314276
2.142857 2.172414 0.455169
2.346939 2.172414 0.615811
2.551020 2.172414 0.793218
2.755102 2.172414 0.983705
2.959184 2.172414 1.183047
3.163265 2.172414 1.386649
3.367347 2.172414 1.589743
3.571429 2.172414 1.787579
3.775510 2.172414 1.975625
3.979592 2.172414 2.149758
4.183673 2.172414 2.306430
4.387755 2.172414 2.442818
4.591837 2.172414 2.556943
4.795918 2.172414 2.647747
5.000000 2.172414 2.715143

-5.000000 2.379310 -3.072864
-4.795918 2.379310 -3.002936
-4.591837 2.379310 -2.903094
-4.387755 2.379310 -2.773450
-4.183673 2.379310 -2.615356
-3.979592 2.379310 -2.431342
-3.775510 2.379310 -2.225014
-3.571429 2.379310 -2.000906
-3.367347 2.379310 -1.764289
-3.163265 2.379310 -1.520952
-2.959184 2.379310 -1.276964
-2.755102 2.379310 -1.038422
-2.551020 2.379310 -0.811195
-2.346939 2.379310 -0.600684
-2.142857 2.379310 -0.411595
-1.938776 2.379310 -0.247746
-1.734694 2.379310 -0.111906
-1.530612 2.379310 -0.005682
-1.326531 2.379310 0.070546
-1.122449 2.379310 0.117647
-0.918367 2.379310 0.137696
-0.714286 2.379310 0.133891
-0.510204 2.379310 0.110422
-0.306122 2.379310 0.072293
-0.102041 2.379310 0.025117
0.102041 2.379310 -0.025117
0.306122 2.379310 -0.072293
0.510204 2.379310 -0.110422
0.714286 2.379310 -0.133891
0.918367 2.379310 -0.137696
1.122449 2.379310 -0.117647
1.326531 2.379310 -0.070546
1.530612 2.379310 0.005682
1.734694 2.379310 0.111906
1.938776 2.379310 0.247746
2.142857 2.379310 0.411595
2.346939 2.379310 0.600684
2.551020 2.379310 0.811195
2.755102 2.379310 1.038422
2.959184 2.379310 1.276964
3.163265 2.379310 1.520952
3.367347 2.379310 1.764289
3.571429 2.379310 2.000906
3.775510 2.379310 2.225014
3.979592 2.379310 2.431342
4.183673 2.379310 2.615356
4.387755 2.379310 2.773450
4.591837 2.379310 2.903094
4.795918 2.379310 3.002936
5.000000 2.379310 3.072864

-5.000000 2.586207 -3.401002
-4.795918 2.586207 -3.327382
-4.591837 2.586207 -3.218618
-4.387755 2.586207 -3.074844
-4.183673 2.586207 -2.897645
-3.979592 2.586207 -2.689995
-3.775510 2.586207 -2.456131
-3.571429 2.586207 -2.201378
-3.367347 2.586207 -1.931929
-3.163265 2.586207 -1.654585
-2.959184 2.586207 -1.376478
-2.755102 2.586207 -1.104768
-2.551020 2.586207 -0.846351
-2.346939 2.586207 -0.607572
-2.142857 2.586207 -0.393960
-1.938776 2.586207 -0.210000
-1.734694 2.586207 -0.058945
-1.530612 2.586207 0.057315
-1.326531 2.586207 0.138337
-1.122449 2.586207 0.185140
-0.918367 2.586207 0.200161
-0.714286 2.586207 0.187160
-0.510204 2.586207 0.151055
-0.306122 2.586207 0.097729
-0.102041 2.586207 0.033774
0.102041 2.586207 -0.033774
0.306122 2.586207 -0.097729
0.510204 2.586207 -0.151055
0.714286 2.586207 -0.187160
0.918367 2.586207 -0.200161
1.122449 2.586207 -0.185140
1.326531 2.586207 -0.138337
1.530612 2.586207 -0.057315
1.734694 2.586207 0.058945
1.938776 2.586207 0.210000
2.142857 2.586207 0.393960
2.346939 2.586207 0.607572
2.551020 2.586207 0.846351
2.755102 2.586207 1.104768
2.959184 2.586207 1.376478
3.163265 2.586207 1.654585
3.367347 2.586207 1.931929
3.571429 2.586207 2.201378
3.775510 2.586207 2.456131
3.979592 2.586207 2.689995
4.183673 2.586207 2.897645
4.387755 2.586207 3.074844
4.591837 2.586207 3.218618
4.795918 2.586207 3.327382
5.000000 2.586207 3.401002

-5.000000 2.793103 -3.694386
-4.795918 2.793103 -3.615712
-4.591837 2.793103 -3.498163
-4.387755 2.793103 -3.341888
-4.183673 2.793103 -3.148640
-3.979592 2.793103 -2.921708
-3.775510 2.793103 -2.665780
-3.571429 2.793103 -2.386746
-3.367347 2.793103 -2.091456
-3.163265 2.793103 -1.787434
-2.959184 2.793103 -1.482566
-2.755102 2.793103 -1.184775
-2.551020 2.793103 -0.901688
-2.346939 2.793103 -0.640323
-2.142857 2.793103 -0.406797
-1.938776 2.793103 -0.206070
-1.734694 2.793103 -0.041742
-1.530612 2.793103 0.084099
-1.326531 2.793103 0.170962
-1.122449 2.793103 0.219972
-0.918367 2.793103 0.233828
-0.714286 2.793103 0.216686
-0.510204 2.793103 0.173990
-0.306122 2.793103 0.112242
-0.102041 2.793103 0.038739
0.102041 2.793103 -0.038739
0.306122 2.793103 -0.112242
0.510204 2.793103 -0.173990
0.714286 2.793103 -0.216686
0.918367 2.793103 -0.233828
1.122449 2.793103 -0.219972
1.326531 2.793103 -0.170962
1.530612 2.793103 -0.084099
1.734694 2.793103 0.041742
1.938776 2.793103 0.206070
2.142857 2.793103 0.406797
2.346939 2.793103 0.640323
2.551020 2.793103 0.901688
2.755102 2.793103 1.184775
2.959184 2.793103 1.482566
3.163265 2.793103 1.787434
3.367347 2.793103 2.091456
3.571429 2.793103 2.386746
3.775510 2.793103 2.665780
3.979592 2.793103 2.921708
4.183673 2.793103 3.148640
4.387755 2.793103 3.341888
4.591837 2.793103 3.498163
4.795918 2.793103 3.615712
5.000000 2.793103 3.694386

-5.000000 3.000000 -3.949328
-4.795918 3.000000 -3.864092
-4.591837 3.000000 -3.737910
-4.387755 3.000000 -3.570936
-4.183673 3.000000 -3.365019
-3.979592 3.000000 -3.123623
-3.775510 3.000000 -2.851684
-3.571429 3.000000 -2.555408
-3.367347 3.000000 -2.242010
-3.163265 3.000000 -1.919413
-2.959184 3.000000 -1.595926
-2.755102 3.000000 -1.279893
-2.551020 3.000000 -0.979348
-2.346939 3.000000 -0.701684
-2.142857 3.000000 -0.453341
-1.938776 3.000000 -0.239547
-1.734694 3.000000 -0.064091
-1.530612 3.000000 0.070826
-1.326531 3.000000 0.164686
-1.122449 3.000000 0.218677
-0.918367 3.000000 0.235639
-0.714286 3.000000 0.219951
-0.510204 3.000000 0.177346
-0.306122 3.000000 0.114674
-0.102041 3.000000 0.039620
0.102041 3.000000 -0.039620
0.306122 3.000000 -0.114674
0.510204 3.000000 -0.177346
0.714286 3.000000 -0.219951
0.918367 3.000000 -0.235639
1.122449 3.000000 -0.218677
1.326531 3.000000 -0.164686
1.530612 3.000000 -0.070826
1.734694 3.000000 0.064091
1.938776 3.000000 0.239547
2.142857 3.000000 0.453341
2.346939 3.000000 0.701684
2.551020 3.000000 0.979348
2.755102 3.000000 1.279893
2.959184 3.000000 1.595926
3.163265 3.000000 1.919413
3.367347 3.000000 2.242010
3.571429 3.000000 2.555408
3.775510 3.000000 2.851684
3.979592 3.000000 3.123623
4.183673 3.000000 3.365019
4.387755 3.000000 3.570936
4.591837 3.000000 3.737910
4.795918 3.000000 3.864092
5.000000 3.000000 3.949328
